Mon Dec 21 16:51:15 2020	 0.0	 2.00000	 -0.08000	 -0.34000	 -7.18000	 -5.02000	 -2.24000	 1.21000	 0.00000  	2	
Mon Dec 21 16:51:17 2020	 1.0	 2.00000	 -0.11000	 -0.36000	 -7.17000	 -4.94000	 -2.25000	 0.99000	 0.00000  	2	
Mon Dec 21 16:51:18 2020	 2.0	 2.00000	 -0.05000	 -0.40000	 -7.23000	 -4.76000	 -2.11000	 1.25000	 0.00000  	2	
Mon Dec 21 16:51:19 2020	 3.0	 2.00000	 -0.12000	 -0.37000	 -7.26000	 -4.93000	 -2.35000	 1.02000	 0.00000  	2	
Mon Dec 21 16:51:20 2020	 4.0	 2.00000	 -0.09000	 -0.38000	 -7.25000	 -4.78000	 -2.31000	 1.05000	 0.00000  	2	
Mon Dec 21 16:51:21 2020	 5.0	 2.00000	 -0.08000	 -0.37000	 -7.17000	 -4.82000	 -2.18000	 1.10000	 0.00000  	2	
Mon Dec 21 16:51:22 2020	 6.0	 2.00000	 -0.11000	 -0.37000	 -7.15000	 -4.90000	 -2.41000	 0.90000	 0.00000  	2	
Mon Dec 21 16:51:23 2020	 7.0	 2.00000	 0.13000	 -0.41000	 -6.97000	 -5.40000	 -7.35000	 1.21000	 0.00000  	2	
Mon Dec 21 16:51:24 2020	 8.0	 2.00000	 -0.09000	 -0.47000	 -7.03000	 -6.47000	 1.52000	 1.31000	 0.00000  	2	
Mon Dec 21 16:51:26 2020	 9.0	 2.00000	 -0.15000	 -0.38000	 -7.25000	 -3.69000	 -2.40000	 1.14000	 0.00000  	2	
Mon Dec 21 16:51:27 2020	 10.0	 2.00000	 -0.07000	 -0.40000	 -7.20000	 -5.05000	 -2.15000	 0.93000	 0.00000  	2	
Mon Dec 21 16:51:28 2020	 11.0	 2.00000	 -0.09000	 -0.44000	 -7.28000	 -4.87000	 -2.09000	 1.18000	 0.00000  	2	
Mon Dec 21 16:51:29 2020	 12.0	 2.00000	 -0.09000	 -0.42000	 -7.32000	 -4.84000	 -1.37000	 0.92000	 0.00000  	2	
Mon Dec 21 16:51:30 2020	 13.0	 2.00000	 -0.08000	 -0.44000	 -7.17000	 -5.06000	 -2.34000	 0.98000	 20.00000  	2	
Mon Dec 21 16:51:31 2020	 14.0	 2.00000	 -0.11000	 -0.37000	 -7.18000	 -4.90000	 -2.22000	 0.88000	 20.00000  	2	
Mon Dec 21 16:51:32 2020	 15.0	 2.00000	 -0.06000	 -0.44000	 -7.25000	 -4.98000	 -2.13000	 0.96000	 20.00000  	2	
Mon Dec 21 16:51:33 2020	 16.0	 2.00000	 -0.08000	 -0.44000	 -7.21000	 -4.89000	 -2.01000	 1.17000	 30.00000  	2	
Mon Dec 21 16:51:34 2020	 17.0	 2.00000	 -0.12000	 -0.42000	 -7.11000	 -4.82000	 -2.21000	 1.09000	 1240.00000  	2	
Mon Dec 21 16:51:35 2020	 18.0	 2.00000	 -0.11000	 -0.39000	 -7.17000	 -4.88000	 -2.33000	 1.05000	 1440.00000  	2	
Mon Dec 21 16:51:36 2020	 19.0	 2.00000	 -0.09000	 -0.42000	 -7.26000	 -5.00000	 -2.43000	 0.97000	 1460.00000  	2	
Mon Dec 21 16:51:37 2020	 20.0	 2.00000	 -0.07000	 -0.42000	 -7.15000	 -5.02000	 -2.41000	 0.82000	 680.00000  	2	
Mon Dec 21 16:51:38 2020	 21.0	 2.00000	 -0.14000	 -0.38000	 -7.16000	 -4.84000	 -2.11000	 0.99000	 660.00000  	2	
Mon Dec 21 16:51:39 2020	 22.0	 2.00000	 -0.03000	 -0.37000	 -7.20000	 -4.95000	 -2.19000	 1.00000	 709.00000  	2	
Mon Dec 21 16:51:40 2020	 23.0	 2.00000	 -0.12000	 -0.43000	 -7.21000	 -4.86000	 -2.48000	 0.99000	 709.00000  	2	
Mon Dec 21 16:51:41 2020	 24.0	 2.00000	 -0.07000	 -0.39000	 -7.18000	 -4.67000	 -2.21000	 1.01000	 730.00000  	2	
Mon Dec 21 16:51:42 2020	 25.0	 2.00000	 -0.06000	 -0.39000	 -7.20000	 -4.81000	 -2.32000	 0.85000	 740.00000  	2	
Mon Dec 21 16:51:43 2020	 26.0	 2.00000	 -0.09000	 -0.40000	 -7.16000	 -4.82000	 -2.40000	 1.08000	 490.00000  	2	
Mon Dec 21 16:51:44 2020	 27.0	 2.00000	 -0.07000	 -0.35000	 -7.25000	 -4.91000	 -2.34000	 1.00000	 490.00000  	2	
Mon Dec 21 16:51:45 2020	 28.0	 2.00000	 -0.07000	 -0.34000	 -7.19000	 -4.98000	 -1.93000	 1.00000	 500.00000  	2	
Mon Dec 21 16:51:46 2020	 29.0	 2.00000	 -0.06000	 -0.34000	 -7.15000	 -4.73000	 -2.21000	 1.06000	 480.00000  	2	
Mon Dec 21 16:51:47 2020	 30.0	 2.00000	 -0.10000	 -0.36000	 -7.18000	 -4.95000	 -2.18000	 1.18000	 460.00000  	2	
Mon Dec 21 16:51:48 2020	 31.0	 2.00000	 -0.06000	 -0.32000	 -7.19000	 -5.11000	 -2.27000	 1.21000	 440.00000  	2	
Mon Dec 21 16:51:49 2020	 32.0	 2.00000	 -0.10000	 -0.36000	 -7.12000	 -4.89000	 -2.56000	 0.82000	 440.00000  	2	
Mon Dec 21 16:51:50 2020	 33.0	 2.00000	 -0.06000	 -0.38000	 -7.19000	 -4.75000	 -2.27000	 1.02000	 440.00000  	2	
Mon Dec 21 16:51:51 2020	 34.0	 2.00000	 -0.09000	 -0.37000	 -7.35000	 -4.76000	 -2.41000	 0.90000	 440.00000  	2	
Mon Dec 21 16:51:52 2020	 35.0	 2.00000	 -0.11000	 -0.35000	 -7.22000	 -4.92000	 -2.43000	 0.91000	 450.00000  	2	
Mon Dec 21 16:51:53 2020	 36.0	 2.00000	 -0.04000	 -0.41000	 -7.18000	 -4.76000	 -1.03000	 1.18000	 440.00000  	2	
Mon Dec 21 16:51:54 2020	 37.0	 2.00000	 -0.30000	 -0.39000	 -7.28000	 -5.14000	 -2.07000	 1.01000	 420.00000  	2	
Mon Dec 21 16:51:55 2020	 38.0	 2.00000	 -0.23000	 -0.26000	 -7.53000	 -5.18000	 -2.58000	 1.20000	 440.00000  	2	
Mon Dec 21 16:51:57 2020	 39.0	 2.00000	 -0.08000	 -0.36000	 -7.24000	 -4.96000	 -2.21000	 1.18000	 470.00000  	2	
Mon Dec 21 16:51:57 2020	 40.0	 2.00000	 -0.08000	 -0.34000	 -7.19000	 -4.99000	 -2.22000	 1.05000	 760.00000  	2	
Mon Dec 21 16:51:59 2020	 41.0	 2.00000	 -0.12000	 -0.36000	 -7.14000	 -4.90000	 -2.31000	 1.04000	 780.00000  	2	
Mon Dec 21 16:52:00 2020	 42.0	 2.00000	 -0.08000	 -0.39000	 -7.17000	 -4.89000	 -2.19000	 0.81000	 740.00000  	2	
Mon Dec 21 16:52:01 2020	 43.0	 2.00000	 -0.11000	 -0.39000	 -7.22000	 -5.05000	 -2.38000	 0.99000	 760.00000  	2	
Mon Dec 21 16:52:02 2020	 44.0	 2.00000	 -0.09000	 -0.39000	 -7.18000	 -4.89000	 -2.27000	 1.13000	 760.00000  	2	
Mon Dec 21 16:52:03 2020	 45.0	 2.00000	 -0.08000	 -0.38000	 -7.19000	 -4.82000	 -2.31000	 1.24000	 750.00000  	2	
Mon Dec 21 16:52:04 2020	 46.0	 2.00000	 -0.05000	 -0.33000	 -7.18000	 -4.78000	 -2.11000	 1.12000	 2200.00000  	2	
Mon Dec 21 16:52:05 2020	 47.0	 2.00000	 -0.10000	 -0.37000	 -7.18000	 -4.95000	 -2.31000	 1.22000	 1380.00000  	2	
Mon Dec 21 16:52:06 2020	 48.0	 2.00000	 -0.08000	 -0.38000	 -7.19000	 -4.96000	 -2.26000	 1.27000	 1660.00000  	2	
Mon Dec 21 16:52:07 2020	 49.0	 2.00000	 -0.04000	 -0.38000	 -7.22000	 -4.88000	 -0.98000	 1.30000	 1640.00000  	2	
Mon Dec 21 16:52:08 2020	 50.0	 2.00000	 -0.07000	 -0.37000	 -7.19000	 -4.74000	 -2.24000	 1.19000	 1660.00000  	2	
Mon Dec 21 16:52:09 2020	 51.0	 2.00000	 -2.25000	 0.31000	 -6.99000	 -4.04000	 8.17000	 0.27000	 1660.00000  	2	
Mon Dec 21 16:52:10 2020	 52.0	 2.00000	 1.43000	 0.10000	 -7.28000	 1.73000	 11.01000	 3.11000	 1700.00000  	2	
Mon Dec 21 16:52:11 2020	 53.0	 2.00000	 -3.03000	 0.60000	 -6.83000	 -2.76000	 -6.02000	 3.05000	 1640.00000  	2	
Mon Dec 21 16:52:12 2020	 54.0	 2.00000	 0.11000	 -0.22000	 -7.06000	 9.33000	 -1.23000	 2.84000	 1640.00000  	2	
Mon Dec 21 16:52:13 2020	 55.0	 2.00000	 0.03000	 -0.35000	 -7.24000	 -4.21000	 -3.27000	 0.99000	 1660.00000  	2	
Mon Dec 21 16:52:14 2020	 56.0	 2.00000	 0.41000	 -0.32000	 -7.22000	 -1.92000	 -1.07000	 0.64000	 1630.00000  	2	
Mon Dec 21 16:52:15 2020	 57.0	 2.00000	 -0.13000	 -0.34000	 -7.36000	 -5.15000	 -0.34000	 1.22000	 300.00000  	2	
Mon Dec 21 16:52:16 2020	 58.0	 2.00000	 0.06000	 -0.39000	 -7.21000	 -4.85000	 -2.02000	 1.06000	 200.00000  	2	
Mon Dec 21 16:52:17 2020	 59.0	 2.00000	 0.10000	 -0.34000	 -7.20000	 -4.95000	 -2.98000	 0.98000	 210.00000  	2	
Mon Dec 21 16:52:18 2020	 60.0	 2.00000	 0.08000	 -0.38000	 -7.18000	 -4.96000	 -2.81000	 0.98000	 150.00000  	2	
Mon Dec 21 16:52:19 2020	 61.0	 2.00000	 0.06000	 -0.41000	 -7.31000	 -4.34000	 -3.32000	 0.00000	 130.00000  	2	
Mon Dec 21 16:52:20 2020	 62.0	 2.00000	 0.01000	 -0.37000	 -7.28000	 -3.84000	 -2.63000	 1.04000	 130.00000  	2	
Mon Dec 21 16:52:22 2020	 64.0	 2.00000	 0.08000	 -0.39000	 -7.13000	 -4.84000	 -2.18000	 1.04000	 0.00000  	2	
Mon Dec 21 16:52:23 2020	 65.0	 2.00000	 0.13000	 -0.36000	 -7.17000	 -4.93000	 -1.92000	 1.13000	 0.00000  	2	
Mon Dec 21 16:52:24 2020	 66.0	 2.00000	 0.11000	 -0.38000	 -7.32000	 -4.94000	 -2.74000	 0.89000	 0.00000  	2	
Mon Dec 21 16:52:25 2020	 67.0	 2.00000	 0.09000	 -0.46000	 -7.21000	 -4.95000	 -2.15000	 1.19000	 0.00000  	2	
Mon Dec 21 16:52:26 2020	 68.0	 2.00000	 0.05000	 -0.39000	 -7.24000	 -4.96000	 -2.18000	 1.01000	 0.00000  	2	
Mon Dec 21 16:52:27 2020	 69.0	 2.00000	 0.06000	 -0.39000	 -7.24000	 -4.94000	 -2.32000	 1.07000	 0.00000  	2	
Mon Dec 21 16:52:28 2020	 70.0	 2.00000	 0.03000	 -0.35000	 -7.15000	 -4.93000	 -2.26000	 1.20000	 0.00000  	2	
Mon Dec 21 16:52:29 2020	 71.0	 2.00000	 0.05000	 -0.37000	 -7.20000	 -4.82000	 -2.37000	 1.22000	 0.00000  	2	
Mon Dec 21 16:52:31 2020	 72.0	 2.00000	 0.05000	 -0.36000	 -7.17000	 -4.94000	 -1.81000	 1.20000	 0.00000  	2	
Mon Dec 21 16:52:33 2020	 74.0	 2.00000	 -0.93000	 -0.59000	 -7.18000	 -4.68000	 -76.18000	 -4.21000	 0.00000  	2	
Mon Dec 21 16:52:34 2020	 75.0	 2.00000	 2.49000	 0.18000	 -7.19000	 -7.74000	 58.73000	 5.44000	 0.00000  	2	
Mon Dec 21 16:52:35 2020	 76.0	 2.00000	 -3.25000	 -0.14000	 -7.79000	 8.40000	 -13.11000	 17.22000	 0.00000  	2	
Mon Dec 21 16:52:36 2020	 77.0	 2.00000	 -0.04000	 -0.17000	 -7.86000	 3.47000	 -169.11000	 -37.57000	 0.00000  	2	
Mon Dec 21 16:52:37 2020	 78.0	 2.00000	 0.41000	 1.07000	 -4.27000	 33.73000	 1.31000	 -15.83000	 0.00000  	2	
Mon Dec 21 16:52:38 2020	 79.0	 2.00000	 -0.60000	 -1.05000	 -8.12000	 -12.97000	 -219.37000	 -17.91000	 0.00000  	2	
Mon Dec 21 16:52:39 2020	 80.0	 2.00000	 1.01000	 -0.32000	 -7.07000	 1.99000	 -32.34000	 -1.47000	 0.00000  	2	
Mon Dec 21 16:52:40 2020	 81.0	 2.00000	 0.01000	 -0.38000	 -8.30000	 7.70000	 -7.58000	 10.31000	 0.00000  	2	
Mon Dec 21 16:52:41 2020	 82.0	 2.00000	 -0.21000	 1.74000	 -4.78000	 74.06000	 40.42000	 2.19000	 0.00000  	2	
Mon Dec 21 16:52:42 2020	 83.0	 2.00000	 5.67000	 -1.04000	 -5.12000	 -4.11000	 -57.62000	 -5.83000	 0.00000  	2	
Mon Dec 21 16:52:43 2020	 84.0	 2.00000	 0.31000	 -0.59000	 -6.67000	 10.85000	 -11.40000	 -5.28000	 0.00000  	2	
Mon Dec 21 16:52:44 2020	 85.0	 2.00000	 0.12000	 -0.51000	 -7.19000	 -4.91000	 -2.18000	 1.06000	 0.00000  	2	
Mon Dec 21 16:52:45 2020	 86.0	 2.00000	 0.23000	 -0.51000	 -7.32000	 -4.89000	 -6.15000	 0.99000	 0.00000  	2	
Mon Dec 21 16:52:46 2020	 87.0	 2.00000	 -0.12000	 -0.44000	 -7.32000	 -5.24000	 -2.04000	 0.88000	 0.00000  	2	
Mon Dec 21 16:52:47 2020	 88.0	 2.00000	 -0.03000	 -0.46000	 -7.37000	 -4.61000	 -2.31000	 1.16000	 0.00000  	2	
Mon Dec 21 16:52:48 2020	 89.0	 2.00000	 0.14000	 -0.52000	 -7.16000	 -5.04000	 -2.08000	 1.02000	 0.00000  	2	
Mon Dec 21 16:52:49 2020	 90.0	 2.00000	 0.07000	 -0.50000	 -7.19000	 -5.19000	 -2.25000	 1.01000	 0.00000  	2	
Mon Dec 21 16:52:50 2020	 91.0	 2.00000	 0.35000	 -0.54000	 -7.06000	 -4.54000	 -2.97000	 0.96000	 0.00000  	2	
Mon Dec 21 16:52:51 2020	 92.0	 2.00000	 0.17000	 -0.50000	 -7.26000	 -4.68000	 -3.66000	 1.06000	 0.00000  	2	
Mon Dec 21 16:52:52 2020	 93.0	 2.00000	 0.12000	 -0.49000	 -7.21000	 -4.92000	 -2.09000	 1.13000	 0.00000  	2	
Mon Dec 21 16:52:53 2020	 94.0	 2.00000	 0.06000	 -0.50000	 -7.05000	 -4.47000	 1.92000	 0.88000	 0.00000  	2	
Mon Dec 21 16:52:54 2020	 95.0	 2.00000	 0.06000	 -0.48000	 -7.51000	 -5.00000	 -7.03000	 1.20000	 0.00000  	2	
Mon Dec 21 16:52:55 2020	 96.0	 2.00000	 0.09000	 -0.53000	 -7.25000	 -4.76000	 -2.35000	 1.19000	 0.00000  	2	
Mon Dec 21 16:52:56 2020	 97.0	 2.00000	 0.25000	 -0.53000	 -7.12000	 -5.30000	 -3.73000	 0.91000	 0.00000  	2	
Mon Dec 21 16:52:57 2020	 98.0	 2.00000	 0.06000	 -0.49000	 -7.37000	 -4.66000	 -1.69000	 1.18000	 0.00000  	2	
Mon Dec 21 16:52:58 2020	 99.0	 2.00000	 0.04000	 -0.56000	 -7.23000	 -4.85000	 -1.82000	 1.23000	 0.00000  	2	
Mon Dec 21 16:52:59 2020	 100.0	 2.00000	 0.12000	 -0.41000	 -7.07000	 -4.95000	 -3.27000	 1.27000	 0.00000  	2	
Mon Dec 21 16:53:00 2020	 101.0	 2.00000	 0.16000	 -0.49000	 -7.19000	 -4.93000	 -2.96000	 0.94000	 0.00000  	2	
Mon Dec 21 16:53:02 2020	 102.0	 2.00000	 0.06000	 -0.49000	 -7.16000	 -4.75000	 -0.83000	 0.94000	 0.00000  	2	
Mon Dec 21 16:53:03 2020	 103.0	 2.00000	 0.24000	 -0.48000	 -7.17000	 -4.98000	 -1.70000	 1.04000	 0.00000  	2	
Mon Dec 21 16:53:04 2020	 104.0	 2.00000	 0.09000	 -0.47000	 -7.16000	 -4.94000	 -2.21000	 1.19000	 0.00000  	2	
Mon Dec 21 16:53:05 2020	 105.0	 2.00000	 0.11000	 -0.46000	 -7.16000	 -4.98000	 -2.15000	 1.06000	 0.00000  	2	
Mon Dec 21 16:53:06 2020	 106.0	 2.00000	 0.13000	 -0.50000	 -7.21000	 -4.77000	 -2.46000	 1.10000	 0.00000  	2	
Mon Dec 21 16:53:07 2020	 107.0	 2.00000	 0.14000	 -0.50000	 -7.25000	 -4.82000	 -2.45000	 1.08000	 0.00000  	2	
Mon Dec 21 16:53:08 2020	 108.0	 2.00000	 0.14000	 -0.47000	 -7.16000	 -4.82000	 -2.21000	 1.05000	 0.00000  	2	
Mon Dec 21 16:53:09 2020	 109.0	 2.00000	 0.08000	 -0.50000	 -7.15000	 -5.07000	 -2.09000	 1.16000	 0.00000  	2	
Mon Dec 21 16:53:10 2020	 110.0	 2.00000	 0.07000	 -0.45000	 -7.20000	 -5.05000	 -2.27000	 1.14000	 810.00000  	2	
Mon Dec 21 16:53:11 2020	 111.0	 2.00000	 0.02000	 -0.51000	 -6.96000	 -4.74000	 0.65000	 1.27000	 1130.00000  	2	
Mon Dec 21 16:53:12 2020	 112.0	 2.00000	 -3.27000	 -0.44000	 -10.36000	 -7.47000	 3.28000	 0.59000	 1130.00000  	2	
Mon Dec 21 16:53:13 2020	 113.0	 2.00000	 0.90000	 -0.40000	 -7.40000	 -4.08000	 -18.53000	 -0.40000	 910.00000  	2	
Mon Dec 21 16:53:14 2020	 114.0	 2.00000	 -0.67000	 -0.29000	 -7.62000	 -0.73000	 2.86000	 15.54000	 900.00000  	2	
Mon Dec 21 16:53:15 2020	 115.0	 2.00000	 -0.71000	 -0.34000	 -7.78000	 -4.71000	 5.29000	 0.66000	 880.00000  	2	
Mon Dec 21 16:53:16 2020	 116.0	 2.00000	 -0.07000	 -0.41000	 -7.82000	 -0.52000	 5.50000	 -9.82000	 850.00000  	2	
Mon Dec 21 16:53:17 2020	 117.0	 2.00000	 0.05000	 -0.50000	 -7.16000	 -5.07000	 -2.19000	 1.06000	 869.00000  	2	
Mon Dec 21 16:53:18 2020	 118.0	 2.00000	 0.10000	 -0.45000	 -7.18000	 -4.90000	 -1.89000	 1.08000	 260.00000  	2	
Mon Dec 21 16:53:19 2020	 119.0	 2.00000	 0.09000	 -0.43000	 -7.16000	 -4.60000	 -2.21000	 1.16000	 260.00000  	2	
Mon Dec 21 16:53:20 2020	 120.0	 2.00000	 0.02000	 -0.46000	 -7.17000	 -4.90000	 -2.08000	 1.09000	 270.00000  	2	
Mon Dec 21 16:53:21 2020	 121.0	 2.00000	 0.04000	 -0.44000	 -7.20000	 -4.79000	 -2.16000	 1.10000	 560.00000  	2	
Mon Dec 21 16:53:22 2020	 122.0	 2.00000	 0.05000	 -0.44000	 -7.19000	 -4.84000	 -2.12000	 0.98000	 550.00000  	2	
Mon Dec 21 16:53:23 2020	 123.0	 2.00000	 0.08000	 -0.46000	 -7.23000	 -4.86000	 -2.10000	 1.05000	 560.00000  	2	
Mon Dec 21 16:53:24 2020	 124.0	 2.00000	 0.03000	 -0.48000	 -7.20000	 -5.01000	 -2.11000	 0.99000	 560.00000  	2	
Mon Dec 21 16:53:25 2020	 125.0	 2.00000	 0.03000	 -0.47000	 -7.21000	 -5.06000	 -2.06000	 1.18000	 580.00000  	2	
Mon Dec 21 16:53:26 2020	 126.0	 2.00000	 0.09000	 -0.45000	 -7.20000	 -4.84000	 -2.28000	 1.09000	 740.00000  	2	
Mon Dec 21 16:53:27 2020	 127.0	 2.00000	 0.09000	 -0.44000	 -7.24000	 -4.71000	 -2.50000	 1.12000	 560.00000  	2	
Mon Dec 21 16:53:28 2020	 128.0	 2.00000	 0.07000	 -0.44000	 -7.16000	 -4.92000	 -2.37000	 1.15000	 550.00000  	2	
Mon Dec 21 16:53:29 2020	 129.0	 2.00000	 0.07000	 -0.44000	 -7.19000	 -4.85000	 -2.56000	 1.10000	 520.00000  	2	
Mon Dec 21 16:53:30 2020	 130.0	 2.00000	 0.10000	 -0.46000	 -7.23000	 -4.83000	 -2.14000	 1.21000	 530.00000  	2	
Mon Dec 21 16:53:31 2020	 131.0	 2.00000	 0.02000	 -0.49000	 -7.24000	 -4.85000	 -2.29000	 1.44000	 509.00000  	2	
Mon Dec 21 16:53:33 2020	 132.0	 2.00000	 0.14000	 -0.38000	 -7.20000	 -5.15000	 -4.52000	 1.03000	 480.00000  	2	
Mon Dec 21 16:53:34 2020	 133.0	 2.00000	 0.11000	 -0.47000	 -7.13000	 -4.98000	 -2.31000	 0.98000	 660.00000  	2	
Mon Dec 21 16:53:35 2020	 134.0	 2.00000	 0.09000	 -0.48000	 -7.18000	 -4.85000	 -1.92000	 1.27000	 690.00000  	2	
Mon Dec 21 16:53:36 2020	 135.0	 2.00000	 0.10000	 -0.43000	 -7.27000	 -4.96000	 -1.92000	 1.02000	 709.00000  	2	
Mon Dec 21 16:53:37 2020	 136.0	 2.00000	 0.10000	 -0.46000	 -7.20000	 -4.84000	 -2.16000	 1.27000	 1060.00000  	2	
Mon Dec 21 16:53:38 2020	 137.0	 2.00000	 0.07000	 -0.44000	 -7.26000	 -4.89000	 -2.46000	 1.08000	 1060.00000  	2	
Mon Dec 21 16:53:39 2020	 138.0	 2.00000	 0.10000	 -0.49000	 -7.20000	 -4.75000	 -2.41000	 1.19000	 1070.00000  	2	
Mon Dec 21 16:53:40 2020	 139.0	 2.00000	 0.04000	 -0.49000	 -7.21000	 -5.08000	 -2.49000	 0.93000	 1080.00000  	2	
Mon Dec 21 16:53:41 2020	 140.0	 2.00000	 0.06000	 -0.46000	 -7.24000	 -4.79000	 -2.14000	 1.20000	 1080.00000  	2	
Mon Dec 21 16:53:42 2020	 141.0	 2.00000	 0.03000	 -0.46000	 -7.20000	 -4.93000	 -2.24000	 0.92000	 1060.00000  	2	
Mon Dec 21 16:53:43 2020	 142.0	 2.00000	 0.06000	 -0.43000	 -7.19000	 -4.82000	 -2.22000	 1.06000	 1050.00000  	2	
Mon Dec 21 16:53:44 2020	 143.0	 2.00000	 0.11000	 -0.44000	 -7.17000	 -4.93000	 -2.21000	 1.24000	 1050.00000  	2	
Mon Dec 21 16:53:45 2020	 144.0	 2.00000	 0.12000	 -0.46000	 -7.23000	 -4.81000	 -2.31000	 1.05000	 1050.00000  	2	
Mon Dec 21 16:53:46 2020	 145.0	 2.00000	 -0.00000	 -0.46000	 -7.22000	 -4.86000	 -2.36000	 1.03000	 1040.00000  	2	
Mon Dec 21 16:53:47 2020	 146.0	 2.00000	 0.09000	 -0.46000	 -7.27000	 -4.98000	 -2.36000	 0.99000	 1040.00000  	2	
Mon Dec 21 16:53:48 2020	 147.0	 2.00000	 0.06000	 -0.49000	 -7.21000	 -4.85000	 -2.23000	 0.99000	 1030.00000  	2	
Mon Dec 21 16:53:49 2020	 148.0	 2.00000	 0.03000	 -0.46000	 -7.31000	 -5.06000	 -2.68000	 1.28000	 1030.00000  	2	
Mon Dec 21 16:53:50 2020	 149.0	 2.00000	 0.04000	 -0.47000	 -7.30000	 -4.73000	 -2.60000	 1.19000	 1050.00000  	2	
Mon Dec 21 16:53:51 2020	 150.0	 2.00000	 0.00000	 -0.47000	 -7.18000	 -4.67000	 -2.21000	 1.14000	 880.00000  	2	
Mon Dec 21 16:53:52 2020	 151.0	 2.00000	 0.09000	 -0.44000	 -7.22000	 -4.60000	 -2.24000	 0.95000	 840.00000  	2	
Mon Dec 21 16:53:53 2020	 152.0	 2.00000	 0.06000	 -0.43000	 -6.95000	 -18.99000	 0.54000	 2.89000	 850.00000  	2	
Mon Dec 21 16:53:54 2020	 153.0	 2.00000	 0.06000	 -0.46000	 -7.17000	 -4.94000	 -2.17000	 0.87000	 830.00000  	2	
Mon Dec 21 16:53:55 2020	 154.0	 2.00000	 0.14000	 -0.43000	 -7.17000	 -4.68000	 -1.57000	 1.02000	 670.00000  	2	
Mon Dec 21 16:53:56 2020	 155.0	 2.00000	 0.21000	 -0.50000	 -7.09000	 -4.56000	 -5.09000	 1.27000	 650.00000  	2	
Mon Dec 21 16:53:57 2020	 156.0	 2.00000	 0.23000	 -0.45000	 -7.18000	 -5.10000	 -2.31000	 0.85000	 470.00000  	2	
Mon Dec 21 16:53:58 2020	 157.0	 2.00000	 0.21000	 -0.46000	 -7.23000	 -3.86000	 -4.08000	 1.24000	 470.00000  	2	
Mon Dec 21 16:53:59 2020	 158.0	 2.00000	 -0.02000	 -0.53000	 -7.36000	 -5.11000	 -0.89000	 1.05000	 470.00000  	2	
Mon Dec 21 16:54:00 2020	 159.0	 2.00000	 0.08000	 -0.44000	 -7.20000	 -4.84000	 -2.25000	 1.12000	 460.00000  	2	
Mon Dec 21 16:54:01 2020	 160.0	 2.00000	 -0.05000	 -0.52000	 -7.10000	 -4.44000	 -3.01000	 1.00000	 450.00000  	2	
Mon Dec 21 16:54:02 2020	 161.0	 2.00000	 0.10000	 -0.46000	 -7.24000	 -4.74000	 -1.86000	 1.08000	 440.00000  	2	
Mon Dec 21 16:54:03 2020	 162.0	 2.00000	 -0.05000	 -0.43000	 -7.34000	 -4.95000	 -2.47000	 1.18000	 429.00000  	2	
Mon Dec 21 16:54:04 2020	 163.0	 2.00000	 0.07000	 -0.47000	 -7.21000	 -4.90000	 -2.45000	 1.11000	 370.00000  	2	
Mon Dec 21 16:54:06 2020	 164.0	 2.00000	 0.02000	 -0.46000	 -7.17000	 -4.73000	 -2.18000	 1.31000	 350.00000  	2	
Mon Dec 21 16:54:07 2020	 165.0	 2.00000	 0.11000	 -0.48000	 -7.13000	 -5.03000	 -2.02000	 0.94000	 360.00000  	2	
Mon Dec 21 16:54:08 2020	 166.0	 2.00000	 -0.00000	 -0.44000	 -7.24000	 -4.95000	 -1.86000	 1.24000	 350.00000  	2	
Mon Dec 21 16:54:09 2020	 167.0	 2.00000	 0.07000	 -0.43000	 -7.38000	 -4.99000	 -5.04000	 1.18000	 360.00000  	2	
Mon Dec 21 16:54:10 2020	 168.0	 2.00000	 0.06000	 -0.46000	 -7.20000	 -4.85000	 -2.25000	 1.08000	 360.00000  	2	
Mon Dec 21 16:54:11 2020	 169.0	 2.00000	 0.04000	 -0.43000	 -7.17000	 -4.72000	 -2.20000	 1.05000	 360.00000  	2	
Mon Dec 21 16:54:12 2020	 170.0	 2.00000	 0.08000	 -0.38000	 -7.16000	 -4.73000	 -4.52000	 0.85000	 560.00000  	2	
Mon Dec 21 16:54:13 2020	 171.0	 2.00000	 0.03000	 -0.45000	 -7.17000	 -4.80000	 -3.37000	 1.01000	 620.00000  	2	
Mon Dec 21 16:54:14 2020	 172.0	 2.00000	 -0.07000	 -0.48000	 -7.31000	 -4.86000	 -2.63000	 1.11000	 610.00000  	2	
Mon Dec 21 16:54:15 2020	 173.0	 2.00000	 0.11000	 -0.41000	 -7.09000	 -4.86000	 -2.85000	 0.79000	 630.00000  	2	
Mon Dec 21 16:54:16 2020	 174.0	 2.00000	 0.06000	 -0.44000	 -7.21000	 -5.08000	 -2.08000	 0.98000	 770.00000  	2	
Mon Dec 21 16:54:17 2020	 175.0	 2.00000	 0.08000	 -0.50000	 -7.40000	 -5.09000	 -0.37000	 1.11000	 770.00000  	2	
Mon Dec 21 16:54:18 2020	 176.0	 2.00000	 0.26000	 -0.42000	 -7.11000	 -4.98000	 -3.17000	 1.30000	 770.00000  	2	
Mon Dec 21 16:54:19 2020	 177.0	 2.00000	 0.03000	 -0.38000	 -7.23000	 -4.90000	 -2.11000	 0.95000	 760.00000  	2	
Mon Dec 21 16:54:20 2020	 178.0	 2.00000	 -0.01000	 -0.40000	 -7.31000	 -4.79000	 -2.60000	 1.08000	 780.00000  	2	
Mon Dec 21 16:54:21 2020	 179.0	 2.00000	 -0.02000	 -0.46000	 -7.16000	 -4.76000	 -2.13000	 0.83000	 780.00000  	2	
Mon Dec 21 16:54:23 2020	 181.0	 2.00000	 -0.04000	 -0.46000	 -7.22000	 -5.06000	 -1.83000	 1.15000	 520.00000  	2	
Mon Dec 21 16:54:24 2020	 182.0	 2.00000	 0.08000	 -0.43000	 -7.19000	 -4.87000	 -2.15000	 1.18000	 490.00000  	2	
Mon Dec 21 16:54:25 2020	 183.0	 2.00000	 0.01000	 -0.49000	 -7.25000	 -5.14000	 -2.61000	 1.05000	 550.00000  	2	
Mon Dec 21 16:54:26 2020	 184.0	 2.00000	 -0.03000	 -0.41000	 -7.26000	 -4.20000	 -2.02000	 1.02000	 580.00000  	2	
Mon Dec 21 16:54:27 2020	 185.0	 2.00000	 0.13000	 -0.44000	 -7.22000	 -4.84000	 -2.28000	 1.14000	 580.00000  	2	
Mon Dec 21 16:54:28 2020	 186.0	 2.00000	 0.08000	 -0.42000	 -7.22000	 -5.00000	 -2.71000	 1.32000	 600.00000  	2	
Mon Dec 21 16:54:29 2020	 187.0	 2.00000	 0.04000	 -0.38000	 -7.19000	 -5.12000	 -2.01000	 1.20000	 600.00000  	2	
Mon Dec 21 16:54:30 2020	 188.0	 2.00000	 0.08000	 -0.46000	 -7.22000	 -4.83000	 -2.18000	 1.27000	 620.00000  	2	
Mon Dec 21 16:54:31 2020	 189.0	 2.00000	 0.15000	 -0.35000	 -7.37000	 -4.08000	 -3.92000	 1.05000	 610.00000  	2	
Mon Dec 21 16:54:32 2020	 190.0	 2.00000	 0.13000	 -0.50000	 -7.22000	 -4.92000	 -1.68000	 1.18000	 530.00000  	2	
Mon Dec 21 16:54:33 2020	 191.0	 2.00000	 0.06000	 -0.45000	 -7.23000	 -4.78000	 -2.18000	 0.97000	 530.00000  	2	
Mon Dec 21 16:54:34 2020	 192.0	 2.00000	 0.06000	 -0.47000	 -7.21000	 -5.09000	 -2.09000	 0.99000	 540.00000  	2	
Mon Dec 21 16:54:35 2020	 193.0	 2.00000	 0.09000	 -0.41000	 -7.20000	 -4.69000	 -1.21000	 1.09000	 540.00000  	2	
Mon Dec 21 16:54:36 2020	 194.0	 2.00000	 0.05000	 -0.38000	 -7.21000	 -4.82000	 -2.08000	 0.97000	 540.00000  	2	
Mon Dec 21 16:54:38 2020	 195.0	 2.00000	 0.07000	 -0.40000	 -7.21000	 -4.86000	 -2.02000	 1.27000	 530.00000  	2	
Mon Dec 21 16:54:39 2020	 196.0	 2.00000	 0.05000	 -0.37000	 -7.26000	 -4.91000	 -2.21000	 1.01000	 530.00000  	2	
Mon Dec 21 16:54:40 2020	 197.0	 2.00000	 0.09000	 -0.41000	 -7.29000	 -4.87000	 -2.44000	 1.23000	 540.00000  	2	
Mon Dec 21 16:54:41 2020	 198.0	 2.00000	 0.09000	 -0.39000	 -7.18000	 -4.89000	 -2.12000	 0.98000	 490.00000  	2	
Mon Dec 21 16:54:42 2020	 199.0	 2.00000	 0.12000	 -0.40000	 -7.20000	 -4.85000	 -2.15000	 1.15000	 490.00000  	2	
Mon Dec 21 16:54:43 2020	 200.0	 2.00000	 0.13000	 -0.38000	 -7.15000	 -4.84000	 -2.60000	 1.06000	 290.00000  	2	
Mon Dec 21 16:54:44 2020	 201.0	 2.00000	 0.03000	 -0.36000	 -7.28000	 -4.80000	 -1.63000	 1.11000	 760.00000  	2	
Mon Dec 21 16:54:45 2020	 202.0	 2.00000	 0.08000	 -0.42000	 -7.22000	 -4.92000	 -2.43000	 1.12000	 780.00000  	2	
Mon Dec 21 16:54:46 2020	 203.0	 2.00000	 0.07000	 -0.37000	 -7.21000	 -4.92000	 -2.53000	 0.90000	 780.00000  	2	
Mon Dec 21 16:54:47 2020	 204.0	 2.00000	 0.13000	 -0.39000	 -7.19000	 -4.82000	 -2.17000	 1.11000	 770.00000  	2	
Mon Dec 21 16:54:48 2020	 205.0	 2.00000	 0.10000	 -0.39000	 -7.18000	 -5.00000	 -2.04000	 1.07000	 780.00000  	2	
Mon Dec 21 16:54:49 2020	 206.0	 2.00000	 0.09000	 -0.35000	 -7.20000	 -4.64000	 -2.23000	 1.21000	 770.00000  	2	
Mon Dec 21 16:54:50 2020	 207.0	 2.00000	 0.07000	 -0.41000	 -7.18000	 -4.91000	 -2.23000	 1.04000	 770.00000  	2	
Mon Dec 21 16:54:51 2020	 208.0	 2.00000	 0.17000	 -0.34000	 -7.18000	 -4.73000	 -2.62000	 1.18000	 780.00000  	2	
Mon Dec 21 16:54:52 2020	 209.0	 2.00000	 0.06000	 -0.38000	 -7.16000	 -4.82000	 -2.18000	 0.86000	 790.00000  	2	
Mon Dec 21 16:54:53 2020	 210.0	 2.00000	 0.06000	 -0.43000	 -7.21000	 -4.89000	 -2.27000	 0.89000	 790.00000  	2	
Mon Dec 21 16:54:54 2020	 211.0	 2.00000	 0.12000	 -0.35000	 -7.16000	 -4.94000	 -2.29000	 1.21000	 790.00000  	2	
Mon Dec 21 16:54:55 2020	 212.0	 2.00000	 0.12000	 -0.38000	 -7.11000	 -4.83000	 -2.21000	 0.95000	 800.00000  	2	
Mon Dec 21 16:54:56 2020	 213.0	 2.00000	 0.12000	 -0.41000	 -7.23000	 -4.98000	 -2.15000	 1.15000	 800.00000  	2	
Mon Dec 21 16:54:57 2020	 214.0	 2.00000	 0.04000	 -0.41000	 -7.19000	 -5.04000	 -2.55000	 1.08000	 810.00000  	2	
Mon Dec 21 16:54:58 2020	 215.0	 2.00000	 0.06000	 -0.37000	 -7.20000	 -4.96000	 -2.21000	 1.09000	 810.00000  	2	
Mon Dec 21 16:54:59 2020	 216.0	 2.00000	 0.08000	 -0.35000	 -7.17000	 -5.01000	 -2.18000	 1.21000	 800.00000  	2	
Mon Dec 21 16:55:00 2020	 217.0	 2.00000	 0.08000	 -0.33000	 -7.22000	 -4.84000	 -2.08000	 1.01000	 810.00000  	2	
Mon Dec 21 16:55:01 2020	 218.0	 2.00000	 0.10000	 -0.37000	 -7.17000	 -4.84000	 -2.22000	 1.07000	 859.00000  	2	
Mon Dec 21 16:55:02 2020	 219.0	 2.00000	 0.10000	 -0.39000	 -7.16000	 -4.95000	 -2.29000	 1.13000	 869.00000  	2	
Mon Dec 21 16:55:03 2020	 220.0	 2.00000	 0.07000	 -0.33000	 -7.17000	 -4.79000	 -2.17000	 1.15000	 859.00000  	2	
Mon Dec 21 16:55:04 2020	 221.0	 2.00000	 0.15000	 -0.34000	 -7.21000	 -4.79000	 -1.69000	 0.92000	 869.00000  	2	
Mon Dec 21 16:55:05 2020	 222.0	 2.00000	 0.08000	 -0.36000	 -7.29000	 -4.82000	 -2.34000	 0.97000	 880.00000  	2	
Mon Dec 21 16:55:06 2020	 223.0	 2.00000	 0.08000	 -0.41000	 -7.21000	 -5.02000	 -2.07000	 1.13000	 869.00000  	2	
Mon Dec 21 16:55:07 2020	 224.0	 2.00000	 0.12000	 -0.40000	 -7.16000	 -4.84000	 -2.24000	 0.96000	 859.00000  	2	
Mon Dec 21 16:55:08 2020	 225.0	 2.00000	 0.07000	 -0.42000	 -7.21000	 -4.97000	 -2.31000	 0.94000	 700.00000  	2	
Mon Dec 21 16:55:10 2020	 226.0	 2.00000	 0.12000	 -0.36000	 -7.21000	 -4.74000	 -2.20000	 1.16000	 509.00000  	2	
Mon Dec 21 16:55:11 2020	 227.0	 2.00000	 0.05000	 -0.40000	 -7.19000	 -4.85000	 -2.33000	 0.79000	 400.00000  	2	
Mon Dec 21 16:55:12 2020	 228.0	 2.00000	 0.07000	 -0.39000	 -7.22000	 -4.91000	 -2.05000	 1.05000	 400.00000  	2	
Mon Dec 21 16:55:13 2020	 229.0	 2.00000	 0.09000	 -0.35000	 -7.20000	 -4.85000	 -2.37000	 0.92000	 410.00000  	2	
Mon Dec 21 16:55:14 2020	 230.0	 2.00000	 0.10000	 -0.32000	 -7.19000	 -4.76000	 -2.19000	 0.89000	 410.00000  	2	
Mon Dec 21 16:55:15 2020	 231.0	 2.00000	 0.06000	 -0.42000	 -7.23000	 -5.01000	 -2.47000	 1.06000	 410.00000  	2	
Mon Dec 21 16:55:16 2020	 232.0	 2.00000	 0.08000	 -0.35000	 -7.24000	 -4.95000	 -1.99000	 1.01000	 410.00000  	2	
Mon Dec 21 16:55:17 2020	 233.0	 2.00000	 0.04000	 -0.39000	 -7.17000	 -5.02000	 -2.60000	 0.84000	 410.00000  	2	
Mon Dec 21 16:55:18 2020	 234.0	 2.00000	 0.04000	 -0.36000	 -7.16000	 -4.94000	 -3.18000	 1.05000	 390.00000  	2	
Mon Dec 21 16:55:19 2020	 235.0	 2.00000	 0.04000	 -0.34000	 -7.12000	 -4.76000	 -2.70000	 1.15000	 400.00000  	2	
Mon Dec 21 16:55:20 2020	 236.0	 2.00000	 0.10000	 -0.38000	 -7.33000	 -4.79000	 -2.55000	 1.01000	 380.00000  	2	
Mon Dec 21 16:55:21 2020	 237.0	 2.00000	 0.07000	 -0.41000	 -7.17000	 -4.82000	 -2.11000	 1.07000	 380.00000  	2	
Mon Dec 21 16:55:22 2020	 238.0	 2.00000	 0.08000	 -0.34000	 -7.28000	 -4.95000	 -2.06000	 1.05000	 360.00000  	2	
Mon Dec 21 16:55:23 2020	 239.0	 2.00000	 0.05000	 -0.37000	 -7.24000	 -4.81000	 -2.43000	 1.18000	 360.00000  	2	
Mon Dec 21 16:55:24 2020	 240.0	 2.00000	 0.05000	 -0.35000	 -7.16000	 -4.95000	 -2.36000	 1.01000	 380.00000  	2	
Mon Dec 21 16:55:25 2020	 241.0	 2.00000	 0.08000	 -0.36000	 -7.17000	 -4.88000	 -2.24000	 1.10000	 370.00000  	2	
Mon Dec 21 16:55:26 2020	 242.0	 2.00000	 0.03000	 -0.35000	 -7.26000	 -4.85000	 -2.29000	 1.04000	 370.00000  	2	
Mon Dec 21 16:55:27 2020	 243.0	 2.00000	 0.06000	 -0.41000	 -7.21000	 -4.99000	 -2.48000	 0.92000	 390.00000  	2	
Mon Dec 21 16:55:28 2020	 244.0	 2.00000	 0.01000	 -0.39000	 -7.27000	 -4.88000	 -2.24000	 1.29000	 390.00000  	2	
Mon Dec 21 16:55:29 2020	 245.0	 2.00000	 0.07000	 -0.39000	 -7.17000	 -4.78000	 -2.43000	 1.00000	 530.00000  	2	
Mon Dec 21 16:55:30 2020	 246.0	 2.00000	 0.06000	 -0.36000	 -7.12000	 -5.00000	 -2.28000	 0.89000	 709.00000  	2	
Mon Dec 21 16:55:45 2020	 0.0	 2.00000	 0.06000	 -0.38000	 -7.17000	 -4.80000	 -2.50000	 1.00000	 820.00000  	2	
Mon Dec 21 16:55:47 2020	 1.0	 2.00000	 0.20000	 -0.36000	 -7.21000	 -5.42000	 -2.13000	 1.11000	 820.00000  	2	
Mon Dec 21 16:55:48 2020	 2.0	 2.00000	 0.10000	 -0.43000	 -7.28000	 -4.60000	 -2.47000	 0.97000	 800.00000  	2	
Mon Dec 21 16:55:49 2020	 3.0	 2.00000	 0.04000	 -0.33000	 -7.15000	 -5.29000	 -1.36000	 1.06000	 810.00000  	2	
Mon Dec 21 16:55:50 2020	 4.0	 2.00000	 0.01000	 -0.35000	 -7.25000	 -4.40000	 -1.78000	 1.03000	 800.00000  	2	
Mon Dec 21 16:55:51 2020	 5.0	 2.00000	 0.09000	 -0.39000	 -7.05000	 -5.13000	 -0.28000	 1.08000	 820.00000  	2	
Mon Dec 21 16:55:52 2020	 6.0	 2.00000	 -0.04000	 -0.34000	 -7.40000	 -4.38000	 -2.05000	 1.04000	 820.00000  	2	
Mon Dec 21 16:55:53 2020	 7.0	 2.00000	 0.15000	 -0.38000	 -7.20000	 -5.24000	 -1.68000	 1.14000	 830.00000  	2	
Mon Dec 21 16:55:54 2020	 8.0	 2.00000	 0.08000	 -0.37000	 -7.14000	 -4.72000	 -2.64000	 0.94000	 840.00000  	2	
Mon Dec 21 16:55:55 2020	 9.0	 2.00000	 0.19000	 -0.33000	 -7.13000	 -5.02000	 -1.02000	 0.95000	 830.00000  	2	
Mon Dec 21 16:55:56 2020	 10.0	 2.00000	 0.03000	 -0.37000	 -7.08000	 -5.01000	 -0.77000	 1.16000	 850.00000  	2	
Mon Dec 21 16:55:57 2020	 11.0	 2.00000	 0.00000	 -0.28000	 -7.42000	 -4.71000	 -2.35000	 1.27000	 859.00000  	2	
Mon Dec 21 16:55:58 2020	 12.0	 2.00000	 0.10000	 -0.38000	 -7.19000	 -5.22000	 -1.73000	 1.19000	 859.00000  	2	
Mon Dec 21 16:55:59 2020	 13.0	 2.00000	 0.06000	 -0.34000	 -7.27000	 -4.52000	 -1.24000	 1.18000	 869.00000  	2	
Mon Dec 21 16:56:00 2020	 14.0	 2.00000	 0.05000	 -0.43000	 -7.24000	 -5.11000	 -1.70000	 1.26000	 869.00000  	2	
Mon Dec 21 16:56:01 2020	 15.0	 2.00000	 0.13000	 -0.40000	 -7.18000	 -4.57000	 -2.66000	 0.51000	 930.00000  	2	
Mon Dec 21 16:56:02 2020	 16.0	 2.00000	 0.07000	 -0.31000	 -7.23000	 -5.21000	 -2.74000	 1.12000	 930.00000  	2	
Mon Dec 21 16:56:03 2020	 17.0	 2.00000	 -0.01000	 -0.35000	 -7.14000	 -5.10000	 -2.20000	 1.24000	 1110.00000  	2	
Mon Dec 21 16:56:04 2020	 18.0	 2.00000	 0.03000	 -0.32000	 -7.43000	 -4.53000	 -3.06000	 1.02000	 960.00000  	2	
Mon Dec 21 16:56:05 2020	 19.0	 2.00000	 0.06000	 -0.33000	 -7.04000	 -5.12000	 -2.06000	 1.07000	 960.00000  	2	
Mon Dec 21 16:56:06 2020	 20.0	 2.00000	 0.01000	 -0.42000	 -7.28000	 -4.64000	 -2.42000	 0.97000	 990.00000  	2	
Mon Dec 21 16:56:07 2020	 21.0	 2.00000	 0.15000	 -0.42000	 -7.08000	 -5.08000	 -3.05000	 1.29000	 950.00000  	2	
Mon Dec 21 16:56:08 2020	 22.0	 2.00000	 0.14000	 -0.36000	 -7.22000	 -4.69000	 -2.31000	 1.30000	 950.00000  	2	
Mon Dec 21 16:56:09 2020	 23.0	 2.00000	 -0.01000	 -0.36000	 -7.38000	 -4.96000	 -2.07000	 1.01000	 950.00000  	2	
Mon Dec 21 16:56:10 2020	 24.0	 2.00000	 0.03000	 -0.36000	 -7.13000	 -5.11000	 -1.12000	 1.11000	 960.00000  	2	
Mon Dec 21 16:56:11 2020	 25.0	 2.00000	 0.03000	 -0.37000	 -7.24000	 -4.42000	 -2.07000	 0.92000	 960.00000  	2	
Mon Dec 21 16:56:12 2020	 26.0	 2.00000	 0.20000	 -0.37000	 -7.17000	 -5.08000	 -2.51000	 1.02000	 970.00000  	2	
Mon Dec 21 16:56:14 2020	 27.0	 2.00000	 0.07000	 -0.33000	 -7.20000	 -4.92000	 -2.58000	 0.90000	 1060.00000  	2	
Mon Dec 21 16:56:15 2020	 28.0	 2.00000	 0.05000	 -0.36000	 -7.19000	 -4.95000	 -1.87000	 1.02000	 1050.00000  	2	
Mon Dec 21 16:56:16 2020	 29.0	 2.00000	 0.02000	 -0.43000	 -7.04000	 -5.31000	 -2.00000	 1.19000	 1080.00000  	2	
Mon Dec 21 16:56:17 2020	 30.0	 2.00000	 0.06000	 -0.45000	 -7.11000	 -4.71000	 -2.36000	 1.00000	 1100.00000  	2	
Mon Dec 21 16:56:18 2020	 31.0	 2.00000	 -0.03000	 -0.36000	 -7.33000	 -4.81000	 -1.72000	 1.07000	 1110.00000  	2	
Mon Dec 21 16:56:19 2020	 32.0	 2.00000	 0.12000	 -0.33000	 -7.13000	 -5.21000	 -1.40000	 1.17000	 1120.00000  	2	
Mon Dec 21 16:56:20 2020	 33.0	 2.00000	 0.17000	 -0.39000	 -7.22000	 -4.87000	 -2.31000	 0.98000	 1130.00000  	2	
Mon Dec 21 16:56:21 2020	 34.0	 2.00000	 -0.03000	 -0.38000	 -7.36000	 -4.61000	 -2.71000	 1.09000	 1120.00000  	2	
Mon Dec 21 16:56:22 2020	 35.0	 2.00000	 0.19000	 -0.39000	 -7.19000	 -5.00000	 -1.85000	 1.23000	 1070.00000  	2	
Mon Dec 21 16:56:23 2020	 36.0	 2.00000	 0.06000	 -0.39000	 -7.20000	 -4.95000	 -3.04000	 1.41000	 1060.00000  	2	
Mon Dec 21 16:56:24 2020	 37.0	 2.00000	 0.07000	 -0.39000	 -7.13000	 -4.59000	 -1.40000	 1.04000	 1060.00000  	2	
Mon Dec 21 16:56:25 2020	 38.0	 2.00000	 0.05000	 -0.47000	 -7.18000	 -5.05000	 -2.65000	 1.27000	 1060.00000  	2	
Mon Dec 21 16:56:26 2020	 39.0	 2.00000	 0.04000	 -0.42000	 -7.21000	 -4.89000	 -2.59000	 1.21000	 1060.00000  	2	
Mon Dec 21 16:56:27 2020	 40.0	 2.00000	 0.12000	 -0.36000	 -7.15000	 -4.56000	 -2.47000	 0.81000	 1050.00000  	2	
Mon Dec 21 16:56:28 2020	 41.0	 2.00000	 0.10000	 -0.38000	 -7.12000	 -4.92000	 -2.66000	 1.15000	 1100.00000  	2	
Mon Dec 21 16:56:29 2020	 42.0	 2.00000	 0.04000	 -0.38000	 -7.08000	 -5.09000	 -1.60000	 0.88000	 1130.00000  	2	
Mon Dec 21 16:56:30 2020	 43.0	 2.00000	 0.07000	 -0.39000	 -7.10000	 -4.63000	 -2.76000	 0.98000	 1160.00000  	2	
Mon Dec 21 16:56:31 2020	 44.0	 2.00000	 0.12000	 -0.34000	 -7.05000	 -4.81000	 -0.34000	 1.08000	 1160.00000  	2	
Mon Dec 21 16:56:32 2020	 45.0	 2.00000	 0.07000	 -0.30000	 -7.13000	 -5.13000	 -1.79000	 0.80000	 1180.00000  	2	
Mon Dec 21 16:56:33 2020	 46.0	 2.00000	 0.15000	 -0.41000	 -7.22000	 -4.69000	 -2.27000	 0.92000	 1190.00000  	2	
Mon Dec 21 16:56:34 2020	 47.0	 2.00000	 0.10000	 -0.39000	 -7.38000	 -4.61000	 -2.61000	 1.10000	 1110.00000  	2	
Mon Dec 21 16:56:35 2020	 48.0	 2.00000	 0.03000	 -0.33000	 -7.28000	 -5.25000	 -0.43000	 1.34000	 1090.00000  	2	
Mon Dec 21 16:56:36 2020	 49.0	 2.00000	 0.14000	 -0.35000	 -7.17000	 -5.15000	 -2.73000	 1.04000	 1070.00000  	2	
Mon Dec 21 16:56:37 2020	 50.0	 2.00000	 0.14000	 -0.33000	 -7.19000	 -4.82000	 -2.24000	 0.99000	 1040.00000  	2	
Mon Dec 21 16:56:38 2020	 51.0	 2.00000	 0.03000	 -0.33000	 -7.41000	 -4.59000	 -3.82000	 1.02000	 1000.00000  	2	
Mon Dec 21 16:56:39 2020	 52.0	 2.00000	 0.03000	 -0.37000	 -7.21000	 -5.08000	 -1.78000	 1.34000	 990.00000  	2	
Mon Dec 21 16:56:40 2020	 53.0	 2.00000	 0.09000	 -0.39000	 -7.26000	 -5.10000	 -2.29000	 1.12000	 990.00000  	2	
Mon Dec 21 16:56:41 2020	 54.0	 2.00000	 0.05000	 -0.33000	 -7.17000	 -5.18000	 -1.02000	 1.09000	 980.00000  	2	
Mon Dec 21 16:56:42 2020	 55.0	 2.00000	 0.07000	 -0.41000	 -7.12000	 -4.82000	 -2.31000	 1.00000	 980.00000  	2	
Mon Dec 21 16:56:43 2020	 56.0	 2.00000	 0.07000	 -0.39000	 -7.28000	 -4.75000	 -1.81000	 1.02000	 1000.00000  	2	
Mon Dec 21 16:56:44 2020	 57.0	 2.00000	 0.10000	 -0.36000	 -7.31000	 -4.63000	 -2.01000	 1.00000	 1000.00000  	2	
Mon Dec 21 16:56:46 2020	 58.0	 2.00000	 0.02000	 -0.37000	 -7.34000	 -4.69000	 -1.69000	 1.15000	 1010.00000  	2	
Mon Dec 21 16:56:47 2020	 59.0	 2.00000	 0.10000	 -0.41000	 -7.16000	 -4.94000	 -1.81000	 1.11000	 1030.00000  	2	
Mon Dec 21 16:56:48 2020	 60.0	 2.00000	 0.10000	 -0.35000	 -7.00000	 -5.38000	 -3.24000	 0.90000	 1019.00000  	2	
Mon Dec 21 16:56:49 2020	 61.0	 2.00000	 0.06000	 -0.41000	 -7.26000	 -4.86000	 -2.18000	 0.99000	 1019.00000  	2	
Mon Dec 21 16:56:50 2020	 62.0	 2.00000	 0.03000	 -0.30000	 -7.29000	 -4.81000	 -1.93000	 1.18000	 1010.00000  	2	
Mon Dec 21 16:56:51 2020	 63.0	 2.00000	 -0.06000	 -0.38000	 -7.43000	 -4.88000	 -1.75000	 1.19000	 1000.00000  	2	
Mon Dec 21 16:56:52 2020	 64.0	 2.00000	 0.03000	 -0.39000	 -7.39000	 -5.14000	 -3.11000	 1.12000	 980.00000  	2	
Mon Dec 21 16:56:53 2020	 65.0	 2.00000	 0.11000	 -0.31000	 -7.13000	 -5.13000	 -0.69000	 1.18000	 1000.00000  	2	
Mon Dec 21 16:56:54 2020	 66.0	 2.00000	 0.22000	 -0.35000	 -7.07000	 -4.92000	 -2.60000	 1.11000	 980.00000  	2	
Mon Dec 21 16:56:55 2020	 67.0	 2.00000	 0.11000	 -0.43000	 -7.10000	 -4.52000	 -2.60000	 0.98000	 960.00000  	2	
Mon Dec 21 16:56:56 2020	 68.0	 2.00000	 0.14000	 -0.34000	 -7.36000	 -4.64000	 -2.40000	 1.30000	 980.00000  	2	
Mon Dec 21 16:56:57 2020	 69.0	 2.00000	 0.11000	 -0.35000	 -7.17000	 -4.98000	 -3.15000	 1.08000	 980.00000  	2	
Mon Dec 21 16:56:58 2020	 70.0	 2.00000	 0.04000	 -0.40000	 -7.23000	 -5.14000	 -2.45000	 1.04000	 980.00000  	2	
Mon Dec 21 16:56:59 2020	 71.0	 2.00000	 0.05000	 -0.41000	 -7.15000	 -5.06000	 -2.66000	 1.00000	 1040.00000  	2	
Mon Dec 21 16:57:00 2020	 72.0	 2.00000	 0.05000	 -0.36000	 -7.20000	 -4.74000	 -1.74000	 1.05000	 1019.00000  	2	
Mon Dec 21 16:57:01 2020	 73.0	 2.00000	 0.08000	 -0.37000	 -7.29000	 -4.52000	 -2.89000	 1.04000	 1030.00000  	2	
Mon Dec 21 16:57:02 2020	 74.0	 2.00000	 0.25000	 -0.37000	 -7.10000	 -4.70000	 -3.78000	 1.22000	 1040.00000  	2	
Mon Dec 21 16:57:03 2020	 75.0	 2.00000	 0.11000	 -0.40000	 -7.18000	 -5.08000	 -2.29000	 0.96000	 1050.00000  	2	
Mon Dec 21 16:57:04 2020	 76.0	 2.00000	 0.01000	 -0.38000	 -7.24000	 -5.08000	 -2.54000	 1.02000	 1040.00000  	2	
Mon Dec 21 16:57:05 2020	 77.0	 2.00000	 0.12000	 -0.36000	 -7.13000	 -5.18000	 -1.71000	 1.06000	 1050.00000  	2	
Mon Dec 21 16:57:06 2020	 78.0	 2.00000	 0.08000	 -0.34000	 -7.21000	 -4.88000	 -3.22000	 1.37000	 1040.00000  	2	
Mon Dec 21 16:57:07 2020	 79.0	 2.00000	 0.13000	 -0.38000	 -7.14000	 -4.93000	 -2.40000	 0.98000	 1040.00000  	2	
Mon Dec 21 16:57:08 2020	 80.0	 2.00000	 0.08000	 -0.36000	 -7.20000	 -4.71000	 -2.76000	 1.10000	 1040.00000  	2	
Mon Dec 21 16:57:09 2020	 81.0	 2.00000	 0.10000	 -0.34000	 -7.35000	 -4.60000	 -1.95000	 1.11000	 1050.00000  	2	
Mon Dec 21 16:57:10 2020	 82.0	 2.00000	 0.06000	 -0.38000	 -7.18000	 -5.09000	 -2.45000	 0.92000	 1050.00000  	2	
Mon Dec 21 16:57:11 2020	 83.0	 2.00000	 0.04000	 -0.35000	 -7.24000	 -4.93000	 -2.34000	 1.11000	 1060.00000  	2	
Mon Dec 21 16:57:12 2020	 84.0	 2.00000	 0.13000	 -0.43000	 -7.14000	 -5.12000	 -2.73000	 0.79000	 1060.00000  	2	
Mon Dec 21 16:57:13 2020	 85.0	 2.00000	 0.04000	 -0.36000	 -7.24000	 -4.89000	 -1.12000	 1.27000	 1030.00000  	2	
Mon Dec 21 16:57:14 2020	 86.0	 2.00000	 0.04000	 -0.37000	 -7.21000	 -4.79000	 -1.85000	 0.80000	 1030.00000  	2	
Mon Dec 21 16:57:15 2020	 87.0	 2.00000	 0.15000	 -0.39000	 -7.23000	 -4.59000	 -2.50000	 1.02000	 1040.00000  	2	
Mon Dec 21 16:57:16 2020	 88.0	 2.00000	 0.09000	 -0.38000	 -7.36000	 -4.76000	 -2.55000	 1.18000	 1040.00000  	2	
Mon Dec 21 16:57:18 2020	 89.0	 2.00000	 0.02000	 -0.33000	 -7.24000	 -4.97000	 -2.80000	 1.10000	 1040.00000  	2	
Mon Dec 21 16:57:19 2020	 90.0	 2.00000	 0.64000	 -0.69000	 -6.61000	 -5.82000	 -4.66000	 0.92000	 1040.00000  	2	
Mon Dec 21 16:57:20 2020	 91.0	 2.00000	 -0.05000	 -0.41000	 -7.38000	 -5.15000	 -3.86000	 1.17000	 1030.00000  	2	
Mon Dec 21 16:57:21 2020	 92.0	 2.00000	 0.12000	 -0.43000	 -7.11000	 -4.99000	 0.05000	 1.01000	 1050.00000  	2	
Mon Dec 21 16:57:22 2020	 93.0	 2.00000	 0.22000	 -0.42000	 -7.04000	 -5.22000	 -2.78000	 1.31000	 1030.00000  	2	
Mon Dec 21 16:57:23 2020	 94.0	 2.00000	 -0.03000	 -0.34000	 -7.39000	 -4.87000	 1.39000	 1.11000	 1060.00000  	2	
Mon Dec 21 16:57:24 2020	 95.0	 2.00000	 -0.10000	 -0.37000	 -7.35000	 -4.69000	 0.42000	 0.94000	 1050.00000  	2	
Mon Dec 21 16:57:25 2020	 96.0	 2.00000	 0.06000	 -0.39000	 -7.15000	 -4.78000	 -2.63000	 1.00000	 1050.00000  	2	
Mon Dec 21 16:57:26 2020	 97.0	 2.00000	 0.11000	 -0.32000	 -7.12000	 -4.89000	 -2.19000	 0.92000	 1040.00000  	2	
Mon Dec 21 16:57:27 2020	 98.0	 2.00000	 0.05000	 -0.37000	 -7.23000	 -4.66000	 -2.34000	 0.89000	 1050.00000  	2	
Mon Dec 21 16:57:28 2020	 99.0	 2.00000	 0.02000	 -0.37000	 -7.32000	 -4.57000	 -2.21000	 1.12000	 1040.00000  	2	
Mon Dec 21 16:57:29 2020	 100.0	 2.00000	 0.16000	 -0.26000	 -7.20000	 -4.73000	 -3.11000	 1.06000	 1050.00000  	2	
Mon Dec 21 16:57:30 2020	 101.0	 2.00000	 -0.00000	 -0.41000	 -7.31000	 -4.76000	 -2.38000	 0.96000	 1040.00000  	2	
Mon Dec 21 16:57:31 2020	 102.0	 2.00000	 0.12000	 -0.37000	 -7.10000	 -4.94000	 -3.27000	 1.08000	 1050.00000  	2	
Mon Dec 21 16:57:32 2020	 103.0	 2.00000	 0.10000	 -0.40000	 -7.29000	 -5.08000	 -3.02000	 1.16000	 1040.00000  	2	
Mon Dec 21 16:57:33 2020	 104.0	 2.00000	 0.00000	 -0.34000	 -7.30000	 -5.02000	 -2.23000	 1.29000	 1060.00000  	2	
Mon Dec 21 16:57:34 2020	 105.0	 2.00000	 0.08000	 -0.38000	 -7.08000	 -4.98000	 -1.35000	 0.97000	 1050.00000  	2	
Mon Dec 21 16:57:35 2020	 106.0	 2.00000	 0.18000	 -0.39000	 -6.93000	 -5.34000	 -1.55000	 0.98000	 1060.00000  	2	
Mon Dec 21 16:57:36 2020	 107.0	 2.00000	 0.17000	 -0.46000	 -7.06000	 -5.21000	 -3.02000	 1.21000	 1040.00000  	2	
Mon Dec 21 16:57:37 2020	 108.0	 2.00000	 0.05000	 -0.37000	 -7.05000	 -5.33000	 -2.00000	 1.01000	 1040.00000  	2	
Mon Dec 21 16:57:38 2020	 109.0	 2.00000	 0.07000	 -0.45000	 -7.07000	 -5.24000	 0.30000	 1.35000	 1060.00000  	2	
Mon Dec 21 16:57:39 2020	 110.0	 2.00000	 0.75000	 -0.38000	 -6.38000	 -5.33000	 -5.87000	 1.21000	 1070.00000  	2	
Mon Dec 21 16:57:40 2020	 111.0	 2.00000	 0.89000	 -0.30000	 -6.74000	 -5.34000	 -8.02000	 0.65000	 1080.00000  	2	
Mon Dec 21 16:57:41 2020	 112.0	 2.00000	 0.49000	 -0.34000	 -6.98000	 -5.30000	 -5.65000	 1.13000	 1090.00000  	2	
Mon Dec 21 16:57:42 2020	 113.0	 2.00000	 0.34000	 -0.34000	 -7.04000	 -5.46000	 -5.84000	 1.08000	 1090.00000  	2	
Mon Dec 21 16:57:43 2020	 114.0	 2.00000	 0.08000	 -0.37000	 -7.30000	 -5.15000	 -1.37000	 1.05000	 1090.00000  	2	
Mon Dec 21 16:57:44 2020	 115.0	 2.00000	 0.10000	 -0.37000	 -7.31000	 -5.05000	 -3.01000	 1.08000	 1100.00000  	2	
Mon Dec 21 16:57:45 2020	 116.0	 2.00000	 0.16000	 -0.40000	 -7.18000	 -5.07000	 -3.08000	 1.21000	 1120.00000  	2	
Mon Dec 21 16:57:46 2020	 117.0	 2.00000	 0.14000	 -0.37000	 -7.15000	 -4.71000	 -2.40000	 1.15000	 1130.00000  	2	
Mon Dec 21 16:57:47 2020	 118.0	 2.00000	 0.04000	 -0.33000	 -7.38000	 -4.79000	 -1.42000	 1.18000	 1120.00000  	2	
Mon Dec 21 16:57:48 2020	 119.0	 2.00000	 0.06000	 -0.37000	 -7.39000	 -4.87000	 -2.02000	 1.12000	 1130.00000  	2	
Mon Dec 21 16:57:50 2020	 120.0	 2.00000	 0.03000	 -0.37000	 -7.30000	 -4.77000	 -2.62000	 1.15000	 1130.00000  	2	
Mon Dec 21 16:57:51 2020	 121.0	 2.00000	 0.08000	 -0.34000	 -7.18000	 -4.65000	 -2.81000	 1.15000	 1110.00000  	2	
Mon Dec 21 16:57:52 2020	 122.0	 2.00000	 0.16000	 -0.30000	 -7.17000	 -4.63000	 -3.12000	 1.18000	 1110.00000  	2	
Mon Dec 21 16:57:53 2020	 123.0	 2.00000	 0.29000	 -0.38000	 -6.99000	 -4.72000	 -5.01000	 1.00000	 1110.00000  	2	
Mon Dec 21 16:57:54 2020	 124.0	 2.00000	 0.16000	 -0.36000	 -7.10000	 -4.64000	 -2.64000	 1.14000	 1100.00000  	2	
Mon Dec 21 16:57:55 2020	 125.0	 2.00000	 0.11000	 -0.35000	 -7.18000	 -4.56000	 -3.06000	 1.14000	 1120.00000  	2	
Mon Dec 21 16:57:56 2020	 126.0	 2.00000	 0.07000	 -0.38000	 -7.30000	 -4.39000	 -2.27000	 0.93000	 1130.00000  	2	
Mon Dec 21 16:57:57 2020	 127.0	 2.00000	 -0.01000	 -0.38000	 -7.46000	 -4.68000	 -1.92000	 0.95000	 1140.00000  	2	
Mon Dec 21 16:57:58 2020	 128.0	 2.00000	 0.08000	 -0.41000	 -7.20000	 -4.95000	 -1.74000	 1.02000	 1140.00000  	2	
Mon Dec 21 16:57:59 2020	 129.0	 2.00000	 0.05000	 -0.36000	 -7.18000	 -4.73000	 -1.39000	 0.85000	 1120.00000  	2	
Mon Dec 21 16:58:00 2020	 130.0	 2.00000	 0.09000	 -0.47000	 -7.12000	 -4.81000	 -1.31000	 0.98000	 1110.00000  	2	
Mon Dec 21 16:58:01 2020	 131.0	 2.00000	 0.08000	 -0.37000	 -7.17000	 -4.91000	 -3.16000	 1.30000	 1110.00000  	2	
Mon Dec 21 16:58:02 2020	 132.0	 2.00000	 0.17000	 -0.33000	 -7.18000	 -4.87000	 -3.14000	 1.11000	 1070.00000  	2	
Mon Dec 21 16:58:03 2020	 133.0	 2.00000	 0.22000	 -0.39000	 -7.12000	 -4.76000	 -3.49000	 0.91000	 1070.00000  	2	
Mon Dec 21 16:58:04 2020	 134.0	 2.00000	 0.19000	 -0.44000	 -7.17000	 -5.07000	 -3.35000	 0.95000	 1070.00000  	2	
Mon Dec 21 16:58:05 2020	 135.0	 2.00000	 0.19000	 -0.40000	 -7.20000	 -4.87000	 -2.71000	 1.10000	 1050.00000  	2	
Mon Dec 21 16:58:06 2020	 136.0	 2.00000	 0.18000	 -0.39000	 -7.20000	 -5.08000	 -3.07000	 1.14000	 1040.00000  	2	
Mon Dec 21 16:58:07 2020	 137.0	 2.00000	 0.11000	 -0.39000	 -7.18000	 -4.96000	 -2.73000	 0.95000	 1019.00000  	2	
Mon Dec 21 16:58:08 2020	 138.0	 2.00000	 0.05000	 -0.42000	 -7.18000	 -4.82000	 -2.79000	 1.18000	 1040.00000  	2	
Mon Dec 21 16:58:09 2020	 139.0	 2.00000	 0.14000	 -0.45000	 -7.18000	 -5.08000	 -3.27000	 0.95000	 1040.00000  	2	
Mon Dec 21 16:58:10 2020	 140.0	 2.00000	 0.01000	 -0.43000	 -7.29000	 -5.13000	 -1.43000	 0.99000	 1030.00000  	2	
Mon Dec 21 16:58:11 2020	 141.0	 2.00000	 0.09000	 -0.37000	 -7.32000	 -5.26000	 -2.07000	 1.06000	 1160.00000  	2	
Mon Dec 21 16:58:12 2020	 142.0	 2.00000	 0.00000	 -0.42000	 -7.33000	 -5.18000	 -1.65000	 1.15000	 1150.00000  	2	
Mon Dec 21 16:58:13 2020	 143.0	 2.00000	 0.01000	 -0.41000	 -7.34000	 -5.02000	 -1.60000	 1.12000	 1150.00000  	2	
Mon Dec 21 16:58:14 2020	 144.0	 2.00000	 0.12000	 -0.35000	 -6.98000	 -5.08000	 -1.98000	 1.15000	 1170.00000  	2	
Mon Dec 21 16:58:15 2020	 145.0	 2.00000	 0.14000	 -0.42000	 -7.01000	 -5.27000	 -1.83000	 1.04000	 1170.00000  	2	
Mon Dec 21 16:58:16 2020	 146.0	 2.00000	 0.13000	 -0.40000	 -7.24000	 -5.05000	 -3.28000	 1.05000	 1190.00000  	2	
Mon Dec 21 16:58:17 2020	 147.0	 2.00000	 0.07000	 -0.35000	 -7.24000	 -4.82000	 -1.10000	 1.05000	 1190.00000  	2	
Mon Dec 21 16:58:18 2020	 148.0	 2.00000	 0.05000	 -0.37000	 -7.22000	 -4.95000	 -1.02000	 1.07000	 1200.00000  	2	
Mon Dec 21 16:58:19 2020	 149.0	 2.00000	 0.01000	 -0.41000	 -7.05000	 -4.92000	 -1.79000	 0.93000	 1190.00000  	2	
Mon Dec 21 16:58:20 2020	 150.0	 2.00000	 0.09000	 -0.38000	 -7.18000	 -4.95000	 -2.06000	 1.01000	 1200.00000  	2	
Mon Dec 21 16:58:22 2020	 151.0	 2.00000	 0.06000	 -0.34000	 -7.08000	 -4.89000	 -1.22000	 1.01000	 1200.00000  	2	
Mon Dec 21 16:58:23 2020	 152.0	 2.00000	 0.13000	 -0.46000	 -7.12000	 -4.93000	 -2.37000	 1.02000	 1240.00000  	2	
Mon Dec 21 16:58:24 2020	 153.0	 2.00000	 0.21000	 -0.52000	 -7.14000	 -4.78000	 -2.97000	 0.82000	 1240.00000  	2	
Mon Dec 21 16:58:25 2020	 154.0	 2.00000	 0.04000	 -0.35000	 -7.16000	 -4.72000	 -0.51000	 0.89000	 1240.00000  	2	
Mon Dec 21 16:58:26 2020	 155.0	 2.00000	 0.05000	 -0.33000	 -7.20000	 -4.97000	 -1.55000	 0.89000	 1270.00000  	2	
Mon Dec 21 16:58:27 2020	 156.0	 2.00000	 0.07000	 -0.36000	 -7.19000	 -4.72000	 -2.08000	 0.85000	 1260.00000  	2	
Mon Dec 21 16:58:28 2020	 157.0	 2.00000	 0.07000	 -0.37000	 -7.20000	 -4.95000	 -1.66000	 0.82000	 1270.00000  	2	
Mon Dec 21 16:58:29 2020	 158.0	 2.00000	 0.07000	 -0.42000	 -7.15000	 -4.95000	 -2.34000	 1.05000	 1250.00000  	2	
Mon Dec 21 16:58:30 2020	 159.0	 2.00000	 0.13000	 -0.40000	 -7.05000	 -4.85000	 -2.13000	 0.90000	 1150.00000  	2	
Mon Dec 21 16:58:31 2020	 160.0	 2.00000	 0.05000	 -0.42000	 -7.14000	 -5.02000	 -2.44000	 0.98000	 1150.00000  	2	
Mon Dec 21 16:58:32 2020	 161.0	 2.00000	 0.07000	 -0.45000	 -7.20000	 -4.92000	 -2.08000	 1.02000	 1060.00000  	2	
Mon Dec 21 16:58:33 2020	 162.0	 2.00000	 0.11000	 -0.38000	 -7.23000	 -4.91000	 -1.38000	 1.11000	 1080.00000  	2	
Mon Dec 21 16:58:34 2020	 163.0	 2.00000	 0.00000	 -0.32000	 -7.20000	 -4.90000	 -1.02000	 1.18000	 1070.00000  	2	
Mon Dec 21 16:58:35 2020	 164.0	 2.00000	 0.08000	 -0.34000	 -7.20000	 -4.73000	 -2.05000	 1.04000	 1060.00000  	2	
Mon Dec 21 16:58:36 2020	 165.0	 2.00000	 0.07000	 -0.35000	 -7.18000	 -4.92000	 -2.73000	 1.03000	 1070.00000  	2	
Mon Dec 21 16:58:37 2020	 166.0	 2.00000	 0.00000	 -0.37000	 -7.26000	 -4.84000	 -3.14000	 1.12000	 1040.00000  	2	
Mon Dec 21 16:58:38 2020	 167.0	 2.00000	 0.04000	 -0.39000	 -7.09000	 -5.18000	 -3.14000	 0.98000	 1030.00000  	2	
Mon Dec 21 16:58:39 2020	 168.0	 2.00000	 0.16000	 -0.38000	 -6.98000	 -5.14000	 -1.79000	 1.04000	 1030.00000  	2	
Mon Dec 21 16:58:40 2020	 169.0	 2.00000	 0.06000	 -0.36000	 -7.16000	 -5.32000	 -1.61000	 1.16000	 1040.00000  	2	
Mon Dec 21 16:58:41 2020	 170.0	 2.00000	 -0.01000	 -0.38000	 -7.29000	 -5.08000	 -2.26000	 1.11000	 1030.00000  	2	
Mon Dec 21 16:58:42 2020	 171.0	 2.00000	 0.12000	 -0.35000	 -7.19000	 -4.82000	 -2.80000	 0.97000	 1060.00000  	2	
Mon Dec 21 16:58:43 2020	 172.0	 2.00000	 0.07000	 -0.34000	 -7.28000	 -4.85000	 -2.97000	 0.92000	 1060.00000  	2	
Mon Dec 21 16:58:44 2020	 173.0	 2.00000	 0.04000	 -0.31000	 -7.27000	 -4.44000	 -2.44000	 1.23000	 1060.00000  	2	
Mon Dec 21 16:58:45 2020	 174.0	 2.00000	 0.07000	 -0.41000	 -7.20000	 -4.81000	 -1.91000	 0.94000	 1050.00000  	2	
Mon Dec 21 16:58:46 2020	 175.0	 2.00000	 0.02000	 -0.29000	 -7.26000	 -4.85000	 -1.42000	 0.92000	 1040.00000  	2	
Mon Dec 21 16:58:47 2020	 176.0	 2.00000	 0.03000	 -0.41000	 -7.10000	 -5.16000	 -2.78000	 0.82000	 1040.00000  	2	
Mon Dec 21 16:58:48 2020	 177.0	 2.00000	 0.16000	 -0.33000	 -7.05000	 -5.34000	 -1.27000	 0.89000	 1050.00000  	2	
Mon Dec 21 16:58:49 2020	 178.0	 2.00000	 0.08000	 -0.36000	 -7.24000	 -4.89000	 -2.29000	 1.12000	 1050.00000  	2	
Mon Dec 21 16:58:50 2020	 179.0	 2.00000	 0.13000	 -0.34000	 -7.23000	 -5.04000	 -2.37000	 1.20000	 1150.00000  	2	
Mon Dec 21 16:58:51 2020	 180.0	 2.00000	 0.02000	 -0.42000	 -7.23000	 -4.66000	 -1.84000	 1.03000	 1160.00000  	2	
Mon Dec 21 16:58:52 2020	 181.0	 2.00000	 0.10000	 -0.38000	 -7.24000	 -4.85000	 -2.37000	 0.95000	 1140.00000  	2	
Mon Dec 21 16:58:54 2020	 182.0	 2.00000	 0.06000	 -0.44000	 -7.10000	 -4.76000	 -2.21000	 0.90000	 1060.00000  	2	
Mon Dec 21 16:58:55 2020	 183.0	 2.00000	 0.11000	 -0.33000	 -7.08000	 -4.69000	 -1.81000	 1.22000	 1070.00000  	2	
Mon Dec 21 16:58:56 2020	 184.0	 2.00000	 0.02000	 -0.43000	 -7.21000	 -4.93000	 -3.14000	 0.89000	 1070.00000  	2	
Mon Dec 21 16:58:57 2020	 185.0	 2.00000	 0.08000	 -0.42000	 -7.05000	 -5.27000	 -1.62000	 1.20000	 1060.00000  	2	
Mon Dec 21 16:58:58 2020	 186.0	 2.00000	 0.01000	 -0.33000	 -7.32000	 -4.98000	 -1.98000	 1.08000	 1060.00000  	2	
Mon Dec 21 16:58:59 2020	 187.0	 2.00000	 0.10000	 -0.38000	 -7.24000	 -4.92000	 -2.70000	 0.71000	 1080.00000  	2	
Mon Dec 21 16:59:00 2020	 188.0	 2.00000	 0.06000	 -0.35000	 -7.26000	 -4.50000	 -2.04000	 0.85000	 1070.00000  	2	
Mon Dec 21 16:59:01 2020	 189.0	 2.00000	 0.10000	 -0.37000	 -7.19000	 -4.69000	 -2.56000	 1.23000	 1080.00000  	2	
Mon Dec 21 16:59:02 2020	 190.0	 2.00000	 0.05000	 -0.41000	 -7.21000	 -5.11000	 -2.19000	 0.91000	 1070.00000  	2	
Mon Dec 21 16:59:03 2020	 191.0	 2.00000	 0.07000	 -0.35000	 -7.19000	 -4.92000	 -2.09000	 0.95000	 1040.00000  	2	
Mon Dec 21 16:59:04 2020	 192.0	 2.00000	 0.11000	 -0.42000	 -7.13000	 -5.25000	 -1.66000	 0.97000	 1050.00000  	2	
Mon Dec 21 16:59:05 2020	 193.0	 2.00000	 -0.01000	 -0.45000	 -7.23000	 -4.90000	 -2.34000	 1.23000	 1060.00000  	2	
Mon Dec 21 16:59:06 2020	 194.0	 2.00000	 0.05000	 -0.39000	 -7.22000	 -4.89000	 -2.60000	 0.90000	 1060.00000  	2	
Mon Dec 21 16:59:07 2020	 195.0	 2.00000	 0.12000	 -0.38000	 -7.13000	 -4.71000	 -1.95000	 1.00000	 1040.00000  	2	
Mon Dec 21 16:59:08 2020	 196.0	 2.00000	 0.09000	 -0.36000	 -7.21000	 -4.65000	 -2.35000	 1.37000	 1040.00000  	2	
Mon Dec 21 16:59:09 2020	 197.0	 2.00000	 0.11000	 -0.40000	 -7.13000	 -4.79000	 -1.95000	 1.04000	 1030.00000  	2	
Mon Dec 21 16:59:10 2020	 198.0	 2.00000	 0.01000	 -0.36000	 -7.25000	 -4.49000	 -3.40000	 1.03000	 1030.00000  	2	
Mon Dec 21 16:59:11 2020	 199.0	 2.00000	 0.13000	 -0.43000	 -7.02000	 -5.12000	 -2.18000	 0.96000	 1019.00000  	2	
Mon Dec 21 16:59:12 2020	 200.0	 2.00000	 -0.02000	 -0.35000	 -7.14000	 -5.21000	 -1.74000	 1.07000	 1019.00000  	2	
Mon Dec 21 16:59:13 2020	 201.0	 2.00000	 0.06000	 -0.42000	 -7.27000	 -5.06000	 -2.05000	 1.07000	 1019.00000  	2	
Mon Dec 21 16:59:14 2020	 202.0	 2.00000	 0.03000	 -0.38000	 -7.30000	 -4.89000	 -2.36000	 1.18000	 1100.00000  	2	
Mon Dec 21 16:59:15 2020	 203.0	 2.00000	 0.14000	 -0.50000	 -7.12000	 -4.61000	 -2.56000	 0.92000	 1100.00000  	2	
Mon Dec 21 16:59:16 2020	 204.0	 2.00000	 0.11000	 -0.38000	 -7.25000	 -4.92000	 -2.53000	 0.78000	 1100.00000  	2	
Mon Dec 21 16:59:17 2020	 205.0	 2.00000	 0.22000	 -0.36000	 -7.00000	 -4.83000	 -4.55000	 0.86000	 1090.00000  	2	
Mon Dec 21 16:59:18 2020	 206.0	 2.00000	 0.06000	 -0.32000	 -7.28000	 -5.07000	 -1.99000	 0.82000	 1010.00000  	2	
Mon Dec 21 16:59:19 2020	 207.0	 2.00000	 0.03000	 -0.40000	 -7.45000	 -4.01000	 -2.60000	 0.74000	 1000.00000  	2	
